miRNA_ID	read_count	reads_per_million_miRNA_mapped	cross-mapped
hsa-let-7a-1	313185	34244.369773	N
hsa-let-7a-2	302231	33046.634165	Y
hsa-let-7a-3	303404	33174.892689	N
hsa-let-7b	81510	8912.491276	N
hsa-let-7c	29049	3176.284616	Y
hsa-let-7d	72022	7875.051487	N
hsa-let-7e	26362	2882.481843	N
hsa-let-7f-1	302287	33052.757334	N
hsa-let-7f-2	322615	35275.467709	N
hsa-let-7g	261201	28560.319393	N
hsa-let-7i	70028	7657.022931	N
hsa-mir-1-1	3932	429.933943	N
hsa-mir-1-2	4032	440.868174	N
hsa-mir-100	73451	8031.301640	Y
hsa-mir-101-1	10470	1144.813933	N
hsa-mir-101-2	10893	1191.065728	N
hsa-mir-103a-1	102395	11196.105315	Y
hsa-mir-103a-2	107317	11734.288139	Y
hsa-mir-103b-1	0	0.000000	N
hsa-mir-103b-2	0	0.000000	N
hsa-mir-105-1	0	0.000000	N
hsa-mir-105-2	0	0.000000	N
hsa-mir-106a	237	25.914126	Y
hsa-mir-106b	6844	748.338735	N
hsa-mir-107	11775	1287.505641	Y
hsa-mir-10a	85168	9312.465427	N
hsa-mir-10b	16213	1772.766790	N
hsa-mir-1178	1	0.109342	N
hsa-mir-1179	6	0.656054	N
hsa-mir-1180	608	66.480121	N
hsa-mir-1181	0	0.000000	N
hsa-mir-1182	0	0.000000	N
hsa-mir-1183	0	0.000000	N
hsa-mir-1184-1	0	0.000000	N
hsa-mir-1184-2	0	0.000000	N
hsa-mir-1184-3	0	0.000000	N
hsa-mir-1185-1	5	0.546712	N
hsa-mir-1185-2	5	0.546712	N
hsa-mir-1193	0	0.000000	N
hsa-mir-1197	2	0.218685	N
hsa-mir-1199	0	0.000000	N
hsa-mir-1200	0	0.000000	N
hsa-mir-1202	0	0.000000	N
hsa-mir-1203	0	0.000000	N
hsa-mir-1204	0	0.000000	N
hsa-mir-1205	0	0.000000	N
hsa-mir-1206	0	0.000000	N
hsa-mir-1207	0	0.000000	N
hsa-mir-1208	0	0.000000	N
hsa-mir-122	16	1.749477	N
hsa-mir-1224	0	0.000000	N
hsa-mir-1225	5	0.546712	N
hsa-mir-1226	18	1.968161	N
hsa-mir-1227	2	0.218685	N
hsa-mir-1228	18	1.968161	N
hsa-mir-1229	21	2.296188	N
hsa-mir-1231	0	0.000000	N
hsa-mir-1233-1	0	0.000000	N
hsa-mir-1233-2	0	0.000000	N
hsa-mir-1234	4	0.437369	N
hsa-mir-1236	0	0.000000	N
hsa-mir-1237	0	0.000000	N
hsa-mir-1238	0	0.000000	N
hsa-mir-124-1	30	3.280269	N
hsa-mir-124-2	27	2.952242	N
hsa-mir-124-3	34	3.717638	N
hsa-mir-1243	3	0.328027	N
hsa-mir-1244-1	0	0.000000	N
hsa-mir-1244-2	0	0.000000	N
hsa-mir-1244-3	0	0.000000	N
hsa-mir-1244-4	0	0.000000	N
hsa-mir-1245a	7	0.765396	N
hsa-mir-1245b	0	0.000000	N
hsa-mir-1246	0	0.000000	N
hsa-mir-1247	452	49.422722	N
hsa-mir-1248	18	1.968161	N
hsa-mir-1249	76	8.310015	N
hsa-mir-1250	8	0.874738	N
hsa-mir-1251	0	0.000000	N
hsa-mir-1252	0	0.000000	N
hsa-mir-1253	0	0.000000	N
hsa-mir-1254-1	7	0.765396	N
hsa-mir-1254-2	11	1.202765	N
hsa-mir-1255a	16	1.749477	N
hsa-mir-1255b-1	0	0.000000	N
hsa-mir-1255b-2	0	0.000000	N
hsa-mir-1256	0	0.000000	N
hsa-mir-1257	0	0.000000	N
hsa-mir-1258	11	1.202765	N
hsa-mir-125a	164527	17989.761405	N
hsa-mir-125b-1	34718	3796.146143	N
hsa-mir-125b-2	34441	3765.858325	N
hsa-mir-126	83219	9099.357275	N
hsa-mir-1260a	0	0.000000	N
hsa-mir-1260b	13	1.421450	N
hsa-mir-1261	0	0.000000	N
hsa-mir-1262	9	0.984081	N
hsa-mir-1263	0	0.000000	N
hsa-mir-1264	0	0.000000	N
hsa-mir-1265	0	0.000000	N
hsa-mir-1266	1	0.109342	N
hsa-mir-1267	0	0.000000	N
hsa-mir-1268a	0	0.000000	N
hsa-mir-1268b	0	0.000000	N
hsa-mir-1269a	0	0.000000	N
hsa-mir-1269b	0	0.000000	N
hsa-mir-127	1259	137.661962	N
hsa-mir-1270	33	3.608296	N
hsa-mir-1271	362	39.581914	N
hsa-mir-1272	0	0.000000	N
hsa-mir-1273a	0	0.000000	N
hsa-mir-1273c	1	0.109342	N
hsa-mir-1273d	0	0.000000	N
hsa-mir-1273e	0	0.000000	N
hsa-mir-1273f	0	0.000000	N
hsa-mir-1273g	0	0.000000	N
hsa-mir-1273h	1	0.109342	N
hsa-mir-1275	0	0.000000	N
hsa-mir-1276	8	0.874738	N
hsa-mir-1277	0	0.000000	N
hsa-mir-1278	7	0.765396	N
hsa-mir-1279	0	0.000000	N
hsa-mir-128-1	4409	482.090222	N
hsa-mir-128-2	2856	312.281623	N
hsa-mir-1281	0	0.000000	N
hsa-mir-1282	0	0.000000	N
hsa-mir-1283-1	3	0.328027	N
hsa-mir-1283-2	1	0.109342	N
hsa-mir-1284	11	1.202765	N
hsa-mir-1285-1	0	0.000000	N
hsa-mir-1285-2	0	0.000000	N
hsa-mir-1286	0	0.000000	N
hsa-mir-1287	71	7.763304	N
hsa-mir-1288	1	0.109342	N
hsa-mir-1289-1	0	0.000000	N
hsa-mir-1289-2	0	0.000000	N
hsa-mir-129-1	5	0.546712	N
hsa-mir-129-2	5	0.546712	N
hsa-mir-1290	0	0.000000	N
hsa-mir-1291	36	3.936323	N
hsa-mir-1292	54	5.904484	N
hsa-mir-1293	0	0.000000	N
hsa-mir-1294	14	1.530792	N
hsa-mir-1295a	16	1.749477	N
hsa-mir-1295b	10	1.093423	N
hsa-mir-1296	86	9.403438	N
hsa-mir-1297	0	0.000000	N
hsa-mir-1298	4	0.437369	N
hsa-mir-1299	0	0.000000	N
hsa-mir-1301	1278	139.739466	N
hsa-mir-1302-1	0	0.000000	N
hsa-mir-1302-10	0	0.000000	N
hsa-mir-1302-11	0	0.000000	N
hsa-mir-1302-2	0	0.000000	N
hsa-mir-1302-3	0	0.000000	N
hsa-mir-1302-4	0	0.000000	N
hsa-mir-1302-5	0	0.000000	N
hsa-mir-1302-6	0	0.000000	N
hsa-mir-1302-7	0	0.000000	N
hsa-mir-1302-8	0	0.000000	N
hsa-mir-1302-9	0	0.000000	N
hsa-mir-1303	9	0.984081	N
hsa-mir-1304	23	2.514873	N
hsa-mir-1305	0	0.000000	N
hsa-mir-1306	70	7.653961	N
hsa-mir-1307	2129	232.789767	N
hsa-mir-130a	855	93.487671	N
hsa-mir-130b	751	82.116071	N
hsa-mir-132	2054	224.589094	N
hsa-mir-1321	0	0.000000	N
hsa-mir-1322	0	0.000000	N
hsa-mir-1323	19	2.077504	N
hsa-mir-1324	0	0.000000	N
hsa-mir-133a-1	815	89.113979	Y
hsa-mir-133a-2	763	83.428179	Y
hsa-mir-133b	11	1.202765	Y
hsa-mir-134	70	7.653961	N
hsa-mir-1343	18	1.968161	N
hsa-mir-135a-1	461	50.406803	N
hsa-mir-135a-2	457	49.969433	N
hsa-mir-135b	1869	204.360768	N
hsa-mir-136	174	19.025561	N
hsa-mir-137	0	0.000000	N
hsa-mir-138-1	206	22.524515	N
hsa-mir-138-2	75	8.200673	N
hsa-mir-139	6913	755.883354	N
hsa-mir-140	32680	3573.306526	N
hsa-mir-141	516	56.420629	N
hsa-mir-142	4670	510.628564	N
hsa-mir-143	351241	38405.500530	N
hsa-mir-144	2414	263.952324	N
hsa-mir-145	48406	5292.823613	N
hsa-mir-1468	73	7.981988	N
hsa-mir-1469	0	0.000000	N
hsa-mir-146a	17639	1928.688917	N
hsa-mir-146b	349268	38189.768163	N
hsa-mir-1470	0	0.000000	N
hsa-mir-1471	0	0.000000	N
hsa-mir-147a	0	0.000000	N
hsa-mir-147b	9	0.984081	N
hsa-mir-148a	12845	1404.501907	N
hsa-mir-148b	2126	232.461740	N
hsa-mir-149	430	47.017191	N
hsa-mir-150	13447	1470.325975	N
hsa-mir-151a	27420	2998.166002	N
hsa-mir-151b	212	23.180569	N
hsa-mir-152	1188	129.898658	N
hsa-mir-153-1	0	0.000000	N
hsa-mir-153-2	0	0.000000	N
hsa-mir-1537	0	0.000000	N
hsa-mir-1538	7	0.765396	N
hsa-mir-1539	0	0.000000	N
hsa-mir-154	64	6.997908	N
hsa-mir-155	19142	2093.030401	N
hsa-mir-1587	0	0.000000	N
hsa-mir-15a	1237	135.256431	N
hsa-mir-15b	19254	2105.276739	N
hsa-mir-16-1	32654	3570.463626	N
hsa-mir-16-2	36323	3971.640542	N
hsa-mir-17	1682	183.913757	Y
hsa-mir-181a-1	54817	5993.817130	N
hsa-mir-181a-2	55724	6092.990601	N
hsa-mir-181b-1	9591	1048.702047	N
hsa-mir-181b-2	11276	1232.943831	N
hsa-mir-181c	742	81.131990	N
hsa-mir-181d	216	23.617938	N
hsa-mir-182	6775	740.794116	N
hsa-mir-1825	0	0.000000	N
hsa-mir-1827	0	0.000000	N
hsa-mir-183	4774	522.000164	N
hsa-mir-184	126	13.777130	N
hsa-mir-185	9211	1007.151971	N
hsa-mir-186	11715	1280.945102	N
hsa-mir-187	112	12.246338	N
hsa-mir-188	8	0.874738	N
hsa-mir-18a	225	24.602019	N
hsa-mir-18b	7	0.765396	N
hsa-mir-1908	4	0.437369	N
hsa-mir-1909	0	0.000000	N
hsa-mir-190a	40	4.373692	N
hsa-mir-190b	45	4.920404	N
hsa-mir-191	138131	15103.561924	N
hsa-mir-1910	0	0.000000	N
hsa-mir-1911	0	0.000000	N
hsa-mir-1912	0	0.000000	N
hsa-mir-1913	1	0.109342	N
hsa-mir-1914	0	0.000000	N
hsa-mir-1915	0	0.000000	N
hsa-mir-192	696	76.102244	N
hsa-mir-193a	4985	545.071390	N
hsa-mir-193b	828	90.535428	N
hsa-mir-194-1	92	10.059492	N
hsa-mir-194-2	375	41.003364	N
hsa-mir-195	11251	1230.210273	N
hsa-mir-196a-1	36	3.936323	N
hsa-mir-196a-2	53	5.795142	N
hsa-mir-196b	35	3.826981	N
hsa-mir-197	4764	520.906741	N
hsa-mir-1972-1	0	0.000000	N
hsa-mir-1972-2	0	0.000000	N
hsa-mir-1973	0	0.000000	N
hsa-mir-1976	80	8.747384	N
hsa-mir-198	0	0.000000	N
hsa-mir-199a-1	23229	2539.912402	Y
hsa-mir-199a-2	42789	4678.647886	Y
hsa-mir-199b	73565	8043.766663	Y
hsa-mir-19a	112	12.246338	N
hsa-mir-19b-1	566	61.887745	N
hsa-mir-19b-2	557	60.903664	N
hsa-mir-200a	3772	412.439174	N
hsa-mir-200b	25032	2737.056577	N
hsa-mir-200c	101230	11068.721529	N
hsa-mir-202	1	0.109342	N
hsa-mir-203a	8405	919.022073	N
hsa-mir-203b	45	4.920404	N
hsa-mir-204	207	22.633857	N
hsa-mir-205	4992	545.836786	N
hsa-mir-2052	0	0.000000	N
hsa-mir-2053	0	0.000000	N
hsa-mir-2054	0	0.000000	N
hsa-mir-206	114	12.465023	N
hsa-mir-208a	0	0.000000	N
hsa-mir-208b	0	0.000000	N
hsa-mir-20a	5792	633.310630	N
hsa-mir-20b	201	21.977803	N
hsa-mir-21	1000155	109359.253000	N
hsa-mir-210	145	15.854634	N
hsa-mir-211	60	6.560538	N
hsa-mir-2110	709	77.523694	N
hsa-mir-2113	0	0.000000	N
hsa-mir-2114	0	0.000000	N
hsa-mir-2115	13	1.421450	N
hsa-mir-2116	17	1.858819	N
hsa-mir-2117	0	0.000000	N
hsa-mir-212	123	13.449104	N
hsa-mir-214	9092	994.140237	N
hsa-mir-215	4	0.437369	N
hsa-mir-216a	0	0.000000	N
hsa-mir-216b	8	0.874738	N
hsa-mir-217	18	1.968161	N
hsa-mir-218-1	5485	599.742543	N
hsa-mir-218-2	4637	507.020268	N
hsa-mir-219a-1	12	1.312108	N
hsa-mir-219a-2	4	0.437369	N
hsa-mir-219b	2	0.218685	N
hsa-mir-22	14301	1563.704303	N
hsa-mir-221	34900	3816.046442	N
hsa-mir-222	14239	1556.925080	N
hsa-mir-223	26128	2856.895744	N
hsa-mir-224	7175	784.531038	N
hsa-mir-2276	0	0.000000	N
hsa-mir-2277	25	2.733558	N
hsa-mir-2278	0	0.000000	N
hsa-mir-2355	263	28.757026	N
hsa-mir-2392	0	0.000000	N
hsa-mir-23a	321923	35199.802834	Y
hsa-mir-23b	92768	10143.466945	Y
hsa-mir-23c	7	0.765396	N
hsa-mir-24-1	33206	3630.820578	N
hsa-mir-24-2	34122	3730.978129	N
hsa-mir-2467	0	0.000000	N
hsa-mir-25	12714	1390.178065	N
hsa-mir-2681	24	2.624215	N
hsa-mir-2682	0	0.000000	N
hsa-mir-26a-1	646144	70650.874285	N
hsa-mir-26a-2	661169	72293.742416	N
hsa-mir-26b	161291	17635.929706	N
hsa-mir-27a	45355	4959.220241	Y
hsa-mir-27b	111597	12202.273205	Y
hsa-mir-28	13601	1487.164690	N
hsa-mir-2861	0	0.000000	N
hsa-mir-2909	0	0.000000	N
hsa-mir-296	68	7.435277	N
hsa-mir-297	0	0.000000	N
hsa-mir-298	0	0.000000	N
hsa-mir-299	83	9.075411	N
hsa-mir-29a	62981	6886.487708	N
hsa-mir-29b-1	1291	141.160916	Y
hsa-mir-29b-2	2282	249.519140	Y
hsa-mir-29c	4862	531.622287	Y
hsa-mir-300	0	0.000000	N
hsa-mir-301a	25	2.733558	N
hsa-mir-301b	0	0.000000	N
hsa-mir-302a	0	0.000000	N
hsa-mir-302b	0	0.000000	N
hsa-mir-302c	0	0.000000	N
hsa-mir-302d	0	0.000000	N
hsa-mir-302e	0	0.000000	N
hsa-mir-302f	0	0.000000	N
hsa-mir-3064	35	3.826981	N
hsa-mir-3065	620	67.792229	N
hsa-mir-3074	9	0.984081	N
hsa-mir-30a	196288	21462.582353	N
hsa-mir-30b	16712	1827.328600	Y
hsa-mir-30c-1	14789	1617.063348	Y
hsa-mir-30c-2	16296	1781.842201	N
hsa-mir-30d	382157	41785.927230	N
hsa-mir-30e	11329	1238.738973	N
hsa-mir-31	459	50.188118	N
hsa-mir-3115	1	0.109342	N
hsa-mir-3116-1	0	0.000000	N
hsa-mir-3116-2	0	0.000000	N
hsa-mir-3117	8	0.874738	N
hsa-mir-3118-1	0	0.000000	N
hsa-mir-3118-2	0	0.000000	N
hsa-mir-3118-3	0	0.000000	N
hsa-mir-3118-4	0	0.000000	N
hsa-mir-3119-1	0	0.000000	N
hsa-mir-3119-2	0	0.000000	N
hsa-mir-3120	0	0.000000	N
hsa-mir-3121	0	0.000000	N
hsa-mir-3122	0	0.000000	N
hsa-mir-3123	0	0.000000	N
hsa-mir-3124	0	0.000000	N
hsa-mir-3125	0	0.000000	N
hsa-mir-3126	5	0.546712	N
hsa-mir-3127	18	1.968161	N
hsa-mir-3128	0	0.000000	N
hsa-mir-3129	8	0.874738	N
hsa-mir-3130-1	2	0.218685	N
hsa-mir-3130-2	3	0.328027	N
hsa-mir-3131	0	0.000000	N
hsa-mir-3132	0	0.000000	N
hsa-mir-3133	0	0.000000	N
hsa-mir-3134	0	0.000000	N
hsa-mir-3135a	0	0.000000	N
hsa-mir-3135b	0	0.000000	N
hsa-mir-3136	2	0.218685	N
hsa-mir-3137	0	0.000000	N
hsa-mir-3138	0	0.000000	N
hsa-mir-3139	0	0.000000	N
hsa-mir-3140	26	2.842900	N
hsa-mir-3141	0	0.000000	N
hsa-mir-3142	0	0.000000	N
hsa-mir-3143	3	0.328027	N
hsa-mir-3144	4	0.437369	N
hsa-mir-3145	27	2.952242	N
hsa-mir-3146	0	0.000000	N
hsa-mir-3147	0	0.000000	N
hsa-mir-3148	3	0.328027	N
hsa-mir-3149	0	0.000000	N
hsa-mir-3150a	3	0.328027	N
hsa-mir-3150b	1	0.109342	N
hsa-mir-3151	0	0.000000	N
hsa-mir-3152	1	0.109342	N
hsa-mir-3153	0	0.000000	N
hsa-mir-3154	3	0.328027	N
hsa-mir-3155a	0	0.000000	N
hsa-mir-3155b	0	0.000000	N
hsa-mir-3156-1	0	0.000000	N
hsa-mir-3156-2	0	0.000000	N
hsa-mir-3156-3	0	0.000000	N
hsa-mir-3157	12	1.312108	N
hsa-mir-3158-1	4	0.437369	N
hsa-mir-3158-2	3	0.328027	N
hsa-mir-3159	0	0.000000	N
hsa-mir-3160-1	3	0.328027	N
hsa-mir-3160-2	3	0.328027	N
hsa-mir-3161	0	0.000000	N
hsa-mir-3162	0	0.000000	N
hsa-mir-3163	3	0.328027	N
hsa-mir-3164	0	0.000000	N
hsa-mir-3165	0	0.000000	N
hsa-mir-3166	0	0.000000	N
hsa-mir-3167	0	0.000000	N
hsa-mir-3168	0	0.000000	N
hsa-mir-3169	0	0.000000	N
hsa-mir-3170	7	0.765396	N
hsa-mir-3171	0	0.000000	N
hsa-mir-3173	59	6.451196	N
hsa-mir-3174	31	3.389611	N
hsa-mir-3175	0	0.000000	N
hsa-mir-3176	0	0.000000	N
hsa-mir-3177	6	0.656054	N
hsa-mir-3178	0	0.000000	N
hsa-mir-3179-1	0	0.000000	N
hsa-mir-3179-2	0	0.000000	N
hsa-mir-3179-3	0	0.000000	N
hsa-mir-3179-4	0	0.000000	N
hsa-mir-3180-1	0	0.000000	N
hsa-mir-3180-2	0	0.000000	N
hsa-mir-3180-3	0	0.000000	N
hsa-mir-3180-4	0	0.000000	N
hsa-mir-3180-5	0	0.000000	N
hsa-mir-3181	0	0.000000	N
hsa-mir-3182	0	0.000000	N
hsa-mir-3183	0	0.000000	N
hsa-mir-3184	0	0.000000	N
hsa-mir-3185	0	0.000000	N
hsa-mir-3186	0	0.000000	N
hsa-mir-3187	6	0.656054	N
hsa-mir-3188	4	0.437369	N
hsa-mir-3189	0	0.000000	N
hsa-mir-3190	11	1.202765	N
hsa-mir-3191	19	2.077504	N
hsa-mir-3192	3	0.328027	N
hsa-mir-3193	4	0.437369	N
hsa-mir-3194	1	0.109342	N
hsa-mir-3195	1	0.109342	N
hsa-mir-3196	0	0.000000	N
hsa-mir-3197	0	0.000000	N
hsa-mir-3198-1	2	0.218685	N
hsa-mir-3198-2	3	0.328027	N
hsa-mir-3199-1	7	0.765396	N
hsa-mir-3199-2	12	1.312108	N
hsa-mir-32	351	38.379149	N
hsa-mir-3200	21	2.296188	N
hsa-mir-3201	0	0.000000	N
hsa-mir-3202-1	2	0.218685	N
hsa-mir-3202-2	6	0.656054	N
hsa-mir-320a	33958	3713.045991	Y
hsa-mir-320b-1	180	19.681615	Y
hsa-mir-320b-2	330	36.082961	Y
hsa-mir-320c-1	14	1.530792	N
hsa-mir-320c-2	40	4.373692	N
hsa-mir-320d-1	24	2.624215	N
hsa-mir-320d-2	9	0.984081	N
hsa-mir-320e	11	1.202765	N
hsa-mir-323a	112	12.246338	N
hsa-mir-323b	10	1.093423	N
hsa-mir-324	582	63.637221	N
hsa-mir-325	0	0.000000	N
hsa-mir-326	36	3.936323	N
hsa-mir-328	1182	129.242604	N
hsa-mir-329-1	127	13.886473	N
hsa-mir-329-2	120	13.121077	N
hsa-mir-330	729	79.710540	N
hsa-mir-331	493	53.905756	N
hsa-mir-335	5046	551.741271	N
hsa-mir-337	165	18.041480	N
hsa-mir-338	2069	226.229229	N
hsa-mir-339	1944	212.561441	N
hsa-mir-33a	65	7.107250	N
hsa-mir-33b	30	3.280269	N
hsa-mir-340	3987	435.947770	N
hsa-mir-342	20429	2233.753948	N
hsa-mir-345	403	44.064949	N
hsa-mir-346	15	1.640135	N
hsa-mir-34a	6509	711.709063	N
hsa-mir-34b	713	77.961063	N
hsa-mir-34c	1464	160.077134	N
hsa-mir-3529	0	0.000000	N
hsa-mir-3591	0	0.000000	N
hsa-mir-3605	183	20.009642	N
hsa-mir-3606	0	0.000000	N
hsa-mir-3607	15	1.640135	N
hsa-mir-3609	22	2.405531	N
hsa-mir-361	16371	1790.042874	N
hsa-mir-3610	0	0.000000	N
hsa-mir-3611	0	0.000000	N
hsa-mir-3612	0	0.000000	N
hsa-mir-3613	665	72.712633	N
hsa-mir-3614	129	14.105157	N
hsa-mir-3615	275	30.069134	N
hsa-mir-3616	5	0.546712	N
hsa-mir-3617	11	1.202765	N
hsa-mir-3618	0	0.000000	N
hsa-mir-3619	9	0.984081	N
hsa-mir-362	2731	298.613835	N
hsa-mir-3620	11	1.202765	N
hsa-mir-3621	0	0.000000	N
hsa-mir-3622a	5	0.546712	N
hsa-mir-3622b	1	0.109342	N
hsa-mir-363	1621	177.243876	N
hsa-mir-3646	0	0.000000	N
hsa-mir-3648-1	0	0.000000	N
hsa-mir-3648-2	0	0.000000	N
hsa-mir-3649	0	0.000000	N
hsa-mir-3650	0	0.000000	N
hsa-mir-3651	0	0.000000	N
hsa-mir-3652	0	0.000000	N
hsa-mir-3653	61	6.669881	N
hsa-mir-3654	0	0.000000	N
hsa-mir-3655	4	0.437369	N
hsa-mir-3656	3	0.328027	N
hsa-mir-3657	2	0.218685	N
hsa-mir-3658	0	0.000000	N
hsa-mir-3659	0	0.000000	N
hsa-mir-365a	1495	163.466746	Y
hsa-mir-365b	1512	165.325565	Y
hsa-mir-3660	3	0.328027	N
hsa-mir-3661	0	0.000000	N
hsa-mir-3662	0	0.000000	N
hsa-mir-3663	0	0.000000	N
hsa-mir-3664	13	1.421450	N
hsa-mir-3665	0	0.000000	N
hsa-mir-3666	0	0.000000	N
hsa-mir-3667	9	0.984081	N
hsa-mir-3668	0	0.000000	N
hsa-mir-367	0	0.000000	N
hsa-mir-3670-1	0	0.000000	N
hsa-mir-3670-2	0	0.000000	N
hsa-mir-3670-3	0	0.000000	N
hsa-mir-3670-4	0	0.000000	N
hsa-mir-3671	2	0.218685	N
hsa-mir-3672	0	0.000000	N
hsa-mir-3674	0	0.000000	N
hsa-mir-3675	0	0.000000	N
hsa-mir-3677	0	0.000000	N
hsa-mir-3678	0	0.000000	N
hsa-mir-3679	10	1.093423	N
hsa-mir-3680-1	0	0.000000	N
hsa-mir-3680-2	0	0.000000	N
hsa-mir-3681	0	0.000000	N
hsa-mir-3682	3	0.328027	N
hsa-mir-3683	0	0.000000	N
hsa-mir-3684	2	0.218685	N
hsa-mir-3685	2	0.218685	N
hsa-mir-3686	0	0.000000	N
hsa-mir-3687-1	0	0.000000	N
hsa-mir-3687-2	0	0.000000	N
hsa-mir-3688-1	2	0.218685	N
hsa-mir-3688-2	3	0.328027	N
hsa-mir-3689a	0	0.000000	N
hsa-mir-3689b	0	0.000000	N
hsa-mir-3689c	0	0.000000	N
hsa-mir-3689d-1	0	0.000000	N
hsa-mir-3689d-2	0	0.000000	N
hsa-mir-3689e	0	0.000000	N
hsa-mir-3689f	0	0.000000	N
hsa-mir-369	1202	131.429451	N
hsa-mir-3690-1	36	3.936323	N
hsa-mir-3690-2	0	0.000000	N
hsa-mir-3691	2	0.218685	N
hsa-mir-3692	0	0.000000	N
hsa-mir-370	109	11.918311	N
hsa-mir-3713	0	0.000000	N
hsa-mir-3714	0	0.000000	N
hsa-mir-371a	21	2.296188	N
hsa-mir-371b	20	2.186846	N
hsa-mir-372	7	0.765396	N
hsa-mir-373	0	0.000000	N
hsa-mir-374a	393	42.971526	N
hsa-mir-374b	2226	243.395971	Y
hsa-mir-374c	74	8.091331	Y
hsa-mir-375	30612	3347.186639	N
hsa-mir-376a-1	39	4.264350	N
hsa-mir-376a-2	40	4.373692	N
hsa-mir-376b	14	1.530792	Y
hsa-mir-376c	326	35.645591	Y
hsa-mir-377	30	3.280269	N
hsa-mir-378a	7001	765.505477	N
hsa-mir-378b	0	0.000000	N
hsa-mir-378c	26	2.842900	N
hsa-mir-378d-1	27	2.952242	N
hsa-mir-378d-2	30	3.280269	N
hsa-mir-378e	0	0.000000	N
hsa-mir-378f	0	0.000000	N
hsa-mir-378g	0	0.000000	N
hsa-mir-378h	0	0.000000	N
hsa-mir-378i	0	0.000000	N
hsa-mir-378j	0	0.000000	N
hsa-mir-379	368	40.237968	N
hsa-mir-380	10	1.093423	N
hsa-mir-381	134	14.651869	N
hsa-mir-382	951	103.984532	N
hsa-mir-383	1	0.109342	N
hsa-mir-384	0	0.000000	N
hsa-mir-3907	0	0.000000	N
hsa-mir-3908	0	0.000000	N
hsa-mir-3909	86	9.403438	N
hsa-mir-3910-1	1	0.109342	N
hsa-mir-3910-2	1	0.109342	N
hsa-mir-3911	0	0.000000	N
hsa-mir-3912	27	2.952242	N
hsa-mir-3913-1	6	0.656054	N
hsa-mir-3913-2	8	0.874738	N
hsa-mir-3914-1	0	0.000000	N
hsa-mir-3914-2	0	0.000000	N
hsa-mir-3915	0	0.000000	N
hsa-mir-3916	11	1.202765	N
hsa-mir-3917	15	1.640135	N
hsa-mir-3918	0	0.000000	N
hsa-mir-3919	0	0.000000	N
hsa-mir-3920	0	0.000000	N
hsa-mir-3921	0	0.000000	N
hsa-mir-3922	1	0.109342	N
hsa-mir-3923	0	0.000000	N
hsa-mir-3924	0	0.000000	N
hsa-mir-3925	0	0.000000	N
hsa-mir-3926-1	0	0.000000	N
hsa-mir-3926-2	1	0.109342	N
hsa-mir-3927	0	0.000000	N
hsa-mir-3928	52	5.685800	N
hsa-mir-3929	2	0.218685	N
hsa-mir-3934	22	2.405531	N
hsa-mir-3935	0	0.000000	N
hsa-mir-3936	0	0.000000	N
hsa-mir-3937	0	0.000000	N
hsa-mir-3938	0	0.000000	N
hsa-mir-3939	0	0.000000	N
hsa-mir-3940	15	1.640135	N
hsa-mir-3941	0	0.000000	N
hsa-mir-3942	2	0.218685	N
hsa-mir-3943	0	0.000000	N
hsa-mir-3944	0	0.000000	N
hsa-mir-3945	4	0.437369	N
hsa-mir-3960	0	0.000000	N
hsa-mir-3972	0	0.000000	N
hsa-mir-3973	0	0.000000	N
hsa-mir-3974	0	0.000000	N
hsa-mir-3975	0	0.000000	N
hsa-mir-3976	0	0.000000	N
hsa-mir-3977	0	0.000000	N
hsa-mir-3978	0	0.000000	N
hsa-mir-409	1271	138.974070	N
hsa-mir-410	29	3.170927	N
hsa-mir-411	422	46.142453	N
hsa-mir-412	19	2.077504	N
hsa-mir-421	409	44.721003	N
hsa-mir-422a	0	0.000000	N
hsa-mir-423	59878	6547.198535	N
hsa-mir-424	531	58.060764	N
hsa-mir-425	8937	977.192179	N
hsa-mir-4251	0	0.000000	N
hsa-mir-4252	0	0.000000	N
hsa-mir-4253	0	0.000000	N
hsa-mir-4254	0	0.000000	N
hsa-mir-4255	0	0.000000	N
hsa-mir-4256	0	0.000000	N
hsa-mir-4257	0	0.000000	N
hsa-mir-4258	0	0.000000	N
hsa-mir-4259	0	0.000000	N
hsa-mir-4260	0	0.000000	N
hsa-mir-4261	0	0.000000	N
hsa-mir-4262	0	0.000000	N
hsa-mir-4263	0	0.000000	N
hsa-mir-4264	0	0.000000	N
hsa-mir-4265	0	0.000000	N
hsa-mir-4266	0	0.000000	N
hsa-mir-4267	0	0.000000	N
hsa-mir-4268	0	0.000000	N
hsa-mir-4269	0	0.000000	N
hsa-mir-4270	0	0.000000	N
hsa-mir-4271	0	0.000000	N
hsa-mir-4272	0	0.000000	N
hsa-mir-4273	0	0.000000	N
hsa-mir-4274	0	0.000000	N
hsa-mir-4275	0	0.000000	N
hsa-mir-4276	0	0.000000	N
hsa-mir-4277	0	0.000000	N
hsa-mir-4278	0	0.000000	N
hsa-mir-4279	0	0.000000	N
hsa-mir-4280	0	0.000000	N
hsa-mir-4281	0	0.000000	N
hsa-mir-4282	0	0.000000	N
hsa-mir-4283-1	0	0.000000	N
hsa-mir-4283-2	0	0.000000	N
hsa-mir-4284	0	0.000000	N
hsa-mir-4285	0	0.000000	N
hsa-mir-4286	0	0.000000	N
hsa-mir-4287	0	0.000000	N
hsa-mir-4288	0	0.000000	N
hsa-mir-4289	0	0.000000	N
hsa-mir-429	2724	297.848439	N
hsa-mir-4290	0	0.000000	N
hsa-mir-4291	0	0.000000	N
hsa-mir-4292	0	0.000000	N
hsa-mir-4293	0	0.000000	N
hsa-mir-4294	0	0.000000	N
hsa-mir-4295	0	0.000000	N
hsa-mir-4296	0	0.000000	N
hsa-mir-4297	0	0.000000	N
hsa-mir-4298	0	0.000000	N
hsa-mir-4299	0	0.000000	N
hsa-mir-4300	0	0.000000	N
hsa-mir-4301	0	0.000000	N
hsa-mir-4302	0	0.000000	N
hsa-mir-4303	0	0.000000	N
hsa-mir-4304	0	0.000000	N
hsa-mir-4305	0	0.000000	N
hsa-mir-4306	0	0.000000	N
hsa-mir-4307	0	0.000000	N
hsa-mir-4308	0	0.000000	N
hsa-mir-4309	0	0.000000	N
hsa-mir-431	72	7.872646	N
hsa-mir-4310	0	0.000000	N
hsa-mir-4311	0	0.000000	N
hsa-mir-4312	0	0.000000	N
hsa-mir-4313	0	0.000000	N
hsa-mir-4314	0	0.000000	N
hsa-mir-4315-1	0	0.000000	N
hsa-mir-4315-2	0	0.000000	N
hsa-mir-4316	0	0.000000	N
hsa-mir-4317	0	0.000000	N
hsa-mir-4318	0	0.000000	N
hsa-mir-4319	0	0.000000	N
hsa-mir-432	140	15.307923	N
hsa-mir-4320	0	0.000000	N
hsa-mir-4321	0	0.000000	N
hsa-mir-4322	0	0.000000	N
hsa-mir-4323	0	0.000000	N
hsa-mir-4324	0	0.000000	N
hsa-mir-4325	0	0.000000	N
hsa-mir-4326	48	5.248431	N
hsa-mir-4327	0	0.000000	N
hsa-mir-4328	0	0.000000	N
hsa-mir-4329	0	0.000000	N
hsa-mir-433	133	14.542527	N
hsa-mir-4330	0	0.000000	N
hsa-mir-4417	0	0.000000	N
hsa-mir-4418	0	0.000000	N
hsa-mir-4419a	0	0.000000	N
hsa-mir-4419b	0	0.000000	N
hsa-mir-4420	1	0.109342	N
hsa-mir-4421	0	0.000000	N
hsa-mir-4422	7	0.765396	N
hsa-mir-4423	54	5.904484	N
hsa-mir-4424	0	0.000000	N
hsa-mir-4425	0	0.000000	N
hsa-mir-4426	0	0.000000	N
hsa-mir-4427	0	0.000000	N
hsa-mir-4428	0	0.000000	N
hsa-mir-4429	0	0.000000	N
hsa-mir-4430	1	0.109342	N
hsa-mir-4431	0	0.000000	N
hsa-mir-4432	0	0.000000	N
hsa-mir-4433a	0	0.000000	N
hsa-mir-4433b	1	0.109342	N
hsa-mir-4434	0	0.000000	N
hsa-mir-4435-1	0	0.000000	N
hsa-mir-4435-2	0	0.000000	N
hsa-mir-4436a	0	0.000000	N
hsa-mir-4436b-1	0	0.000000	N
hsa-mir-4436b-2	0	0.000000	N
hsa-mir-4437	1	0.109342	N
hsa-mir-4438	0	0.000000	N
hsa-mir-4439	0	0.000000	N
hsa-mir-4440	0	0.000000	N
hsa-mir-4441	0	0.000000	N
hsa-mir-4442	1	0.109342	N
hsa-mir-4443	35	3.826981	N
hsa-mir-4444-1	2	0.218685	N
hsa-mir-4444-2	1	0.109342	N
hsa-mir-4445	0	0.000000	N
hsa-mir-4446	0	0.000000	N
hsa-mir-4447	0	0.000000	N
hsa-mir-4448	0	0.000000	N
hsa-mir-4449	7	0.765396	N
hsa-mir-4450	0	0.000000	N
hsa-mir-4451	0	0.000000	N
hsa-mir-4452	0	0.000000	N
hsa-mir-4453	0	0.000000	N
hsa-mir-4454	0	0.000000	N
hsa-mir-4455	0	0.000000	N
hsa-mir-4456	0	0.000000	N
hsa-mir-4457	0	0.000000	N
hsa-mir-4458	0	0.000000	N
hsa-mir-4459	0	0.000000	N
hsa-mir-4460	0	0.000000	N
hsa-mir-4461	0	0.000000	N
hsa-mir-4462	0	0.000000	N
hsa-mir-4463	0	0.000000	N
hsa-mir-4464	0	0.000000	N
hsa-mir-4465	0	0.000000	N
hsa-mir-4466	0	0.000000	N
hsa-mir-4467	0	0.000000	N
hsa-mir-4468	0	0.000000	N
hsa-mir-4469	0	0.000000	N
hsa-mir-4470	7	0.765396	N
hsa-mir-4471	3	0.328027	N
hsa-mir-4472-1	0	0.000000	N
hsa-mir-4472-2	0	0.000000	N
hsa-mir-4473	8	0.874738	N
hsa-mir-4474	0	0.000000	N
hsa-mir-4475	0	0.000000	N
hsa-mir-4476	0	0.000000	N
hsa-mir-4477a	0	0.000000	N
hsa-mir-4477b	0	0.000000	N
hsa-mir-4478	0	0.000000	N
hsa-mir-4479	0	0.000000	N
hsa-mir-448	0	0.000000	N
hsa-mir-4480	0	0.000000	N
hsa-mir-4481	0	0.000000	N
hsa-mir-4482	0	0.000000	N
hsa-mir-4483	0	0.000000	N
hsa-mir-4484	0	0.000000	N
hsa-mir-4485	0	0.000000	N
hsa-mir-4486	0	0.000000	N
hsa-mir-4487	0	0.000000	N
hsa-mir-4488	0	0.000000	N
hsa-mir-4489	0	0.000000	N
hsa-mir-4490	0	0.000000	N
hsa-mir-4491	3	0.328027	N
hsa-mir-4492	0	0.000000	N
hsa-mir-4493	0	0.000000	N
hsa-mir-4494	0	0.000000	N
hsa-mir-4495	0	0.000000	N
hsa-mir-4496	0	0.000000	N
hsa-mir-4497	0	0.000000	N
hsa-mir-4498	0	0.000000	N
hsa-mir-4499	0	0.000000	N
hsa-mir-449a	208	22.743199	Y
hsa-mir-449b	22	2.405531	Y
hsa-mir-449c	105	11.480942	N
hsa-mir-4500	0	0.000000	N
hsa-mir-4501	0	0.000000	N
hsa-mir-4502	0	0.000000	N
hsa-mir-4503	0	0.000000	N
hsa-mir-4504	0	0.000000	N
hsa-mir-4505	0	0.000000	N
hsa-mir-4506	0	0.000000	N
hsa-mir-4507	0	0.000000	N
hsa-mir-4508	2	0.218685	N
hsa-mir-4509-1	0	0.000000	N
hsa-mir-4509-2	0	0.000000	N
hsa-mir-4509-3	0	0.000000	N
hsa-mir-450a-1	231	25.258072	N
hsa-mir-450a-2	221	24.164649	N
hsa-mir-450b	392	42.862184	N
hsa-mir-4510	0	0.000000	N
hsa-mir-4511	0	0.000000	N
hsa-mir-4512	4	0.437369	N
hsa-mir-4513	0	0.000000	N
hsa-mir-4514	0	0.000000	N
hsa-mir-4515	0	0.000000	N
hsa-mir-4516	0	0.000000	N
hsa-mir-4517	1	0.109342	N
hsa-mir-4518	0	0.000000	N
hsa-mir-4519	1	0.109342	N
hsa-mir-451a	174366	19065.580344	N
hsa-mir-451b	1	0.109342	N
hsa-mir-452	1462	159.858450	N
hsa-mir-4520-1	0	0.000000	N
hsa-mir-4520-2	6	0.656054	N
hsa-mir-4521	282	30.834530	N
hsa-mir-4522	0	0.000000	N
hsa-mir-4523	0	0.000000	N
hsa-mir-4524a	14	1.530792	N
hsa-mir-4524b	0	0.000000	N
hsa-mir-4525	0	0.000000	N
hsa-mir-4526	0	0.000000	N
hsa-mir-4527	0	0.000000	N
hsa-mir-4528	0	0.000000	N
hsa-mir-4529	0	0.000000	N
hsa-mir-4530	0	0.000000	N
hsa-mir-4531	0	0.000000	N
hsa-mir-4532	1	0.109342	N
hsa-mir-4533	0	0.000000	N
hsa-mir-4534	0	0.000000	N
hsa-mir-4535	0	0.000000	N
hsa-mir-4536-1	6	0.656054	N
hsa-mir-4536-2	6	0.656054	N
hsa-mir-4537	0	0.000000	N
hsa-mir-4538	0	0.000000	N
hsa-mir-4539	0	0.000000	N
hsa-mir-454	1422	155.484758	N
hsa-mir-4540	0	0.000000	N
hsa-mir-455	2883	315.233865	N
hsa-mir-4632	16	1.749477	N
hsa-mir-4633	0	0.000000	N
hsa-mir-4634	0	0.000000	N
hsa-mir-4635	0	0.000000	N
hsa-mir-4636	32	3.498954	N
hsa-mir-4637	0	0.000000	N
hsa-mir-4638	0	0.000000	N
hsa-mir-4639	4	0.437369	N
hsa-mir-4640	10	1.093423	N
hsa-mir-4641	0	0.000000	N
hsa-mir-4642	0	0.000000	N
hsa-mir-4643	0	0.000000	N
hsa-mir-4644	0	0.000000	N
hsa-mir-4645	13	1.421450	N
hsa-mir-4646	0	0.000000	N
hsa-mir-4647	4	0.437369	N
hsa-mir-4648	0	0.000000	N
hsa-mir-4649	4	0.437369	N
hsa-mir-4650-1	0	0.000000	N
hsa-mir-4650-2	0	0.000000	N
hsa-mir-4651	0	0.000000	N
hsa-mir-4652	0	0.000000	N
hsa-mir-4653	5	0.546712	N
hsa-mir-4654	0	0.000000	N
hsa-mir-4655	3	0.328027	N
hsa-mir-4656	0	0.000000	N
hsa-mir-4657	1	0.109342	N
hsa-mir-4658	0	0.000000	N
hsa-mir-4659a	1	0.109342	Y
hsa-mir-4659b	2	0.218685	Y
hsa-mir-466	0	0.000000	N
hsa-mir-4660	6	0.656054	N
hsa-mir-4661	4	0.437369	N
hsa-mir-4662a	87	9.512781	N
hsa-mir-4662b	3	0.328027	N
hsa-mir-4663	0	0.000000	N
hsa-mir-4664	0	0.000000	N
hsa-mir-4665	0	0.000000	N
hsa-mir-4666a	0	0.000000	N
hsa-mir-4666b	0	0.000000	N
hsa-mir-4667	0	0.000000	N
hsa-mir-4668	1	0.109342	N
hsa-mir-4669	0	0.000000	N
hsa-mir-4670	0	0.000000	N
hsa-mir-4671	0	0.000000	N
hsa-mir-4672	2	0.218685	N
hsa-mir-4673	1	0.109342	N
hsa-mir-4674	0	0.000000	N
hsa-mir-4675	0	0.000000	N
hsa-mir-4676	5	0.546712	N
hsa-mir-4677	26	2.842900	N
hsa-mir-4678	0	0.000000	N
hsa-mir-4679-1	0	0.000000	N
hsa-mir-4679-2	0	0.000000	N
hsa-mir-4680	0	0.000000	N
hsa-mir-4681	0	0.000000	N
hsa-mir-4682	0	0.000000	N
hsa-mir-4683	11	1.202765	N
hsa-mir-4684	0	0.000000	N
hsa-mir-4685	7	0.765396	N
hsa-mir-4686	0	0.000000	N
hsa-mir-4687	4	0.437369	N
hsa-mir-4688	4	0.437369	N
hsa-mir-4689	0	0.000000	N
hsa-mir-4690	0	0.000000	N
hsa-mir-4691	0	0.000000	N
hsa-mir-4692	0	0.000000	N
hsa-mir-4693	0	0.000000	N
hsa-mir-4694	0	0.000000	N
hsa-mir-4695	3	0.328027	N
hsa-mir-4696	0	0.000000	N
hsa-mir-4697	2	0.218685	N
hsa-mir-4698	0	0.000000	N
hsa-mir-4699	3	0.328027	N
hsa-mir-4700	2	0.218685	N
hsa-mir-4701	0	0.000000	N
hsa-mir-4703	9	0.984081	N
hsa-mir-4704	0	0.000000	N
hsa-mir-4705	19	2.077504	N
hsa-mir-4706	0	0.000000	N
hsa-mir-4707	5	0.546712	N
hsa-mir-4708	2	0.218685	N
hsa-mir-4709	27	2.952242	N
hsa-mir-4710	0	0.000000	N
hsa-mir-4711	0	0.000000	N
hsa-mir-4712	0	0.000000	N
hsa-mir-4713	0	0.000000	N
hsa-mir-4714	3	0.328027	N
hsa-mir-4715	3	0.328027	N
hsa-mir-4716	0	0.000000	N
hsa-mir-4717	3	0.328027	N
hsa-mir-4718	0	0.000000	N
hsa-mir-4719	0	0.000000	N
hsa-mir-4720	0	0.000000	N
hsa-mir-4721	0	0.000000	N
hsa-mir-4722	0	0.000000	N
hsa-mir-4723	5	0.546712	N
hsa-mir-4724	5	0.546712	N
hsa-mir-4725	2	0.218685	N
hsa-mir-4726	0	0.000000	N
hsa-mir-4727	5	0.546712	N
hsa-mir-4728	20	2.186846	N
hsa-mir-4729	0	0.000000	N
hsa-mir-4730	0	0.000000	N
hsa-mir-4731	1	0.109342	N
hsa-mir-4732	35	3.826981	N
hsa-mir-4733	6	0.656054	N
hsa-mir-4734	0	0.000000	N
hsa-mir-4735	0	0.000000	N
hsa-mir-4736	0	0.000000	N
hsa-mir-4737	0	0.000000	N
hsa-mir-4738	0	0.000000	N
hsa-mir-4739	0	0.000000	N
hsa-mir-4740	0	0.000000	N
hsa-mir-4741	0	0.000000	N
hsa-mir-4742	45	4.920404	N
hsa-mir-4743	3	0.328027	N
hsa-mir-4744	0	0.000000	N
hsa-mir-4745	0	0.000000	N
hsa-mir-4746	0	0.000000	N
hsa-mir-4747	0	0.000000	N
hsa-mir-4748	0	0.000000	N
hsa-mir-4749	3	0.328027	N
hsa-mir-4750	5	0.546712	N
hsa-mir-4751	0	0.000000	N
hsa-mir-4752	0	0.000000	N
hsa-mir-4753	0	0.000000	N
hsa-mir-4754	0	0.000000	N
hsa-mir-4755	2	0.218685	N
hsa-mir-4756	0	0.000000	N
hsa-mir-4757	8	0.874738	N
hsa-mir-4758	7	0.765396	N
hsa-mir-4759	0	0.000000	N
hsa-mir-4760	0	0.000000	N
hsa-mir-4761	0	0.000000	N
hsa-mir-4762	0	0.000000	N
hsa-mir-4763	0	0.000000	N
hsa-mir-4764	0	0.000000	N
hsa-mir-4765	0	0.000000	N
hsa-mir-4766	0	0.000000	N
hsa-mir-4767	2	0.218685	N
hsa-mir-4768	0	0.000000	N
hsa-mir-4769	0	0.000000	N
hsa-mir-4770	2	0.218685	N
hsa-mir-4771-1	0	0.000000	N
hsa-mir-4771-2	0	0.000000	N
hsa-mir-4772	59	6.451196	N
hsa-mir-4773-1	8	0.874738	N
hsa-mir-4773-2	4	0.437369	N
hsa-mir-4774	0	0.000000	N
hsa-mir-4775	7	0.765396	N
hsa-mir-4776-1	0	0.000000	N
hsa-mir-4776-2	0	0.000000	N
hsa-mir-4777	10	1.093423	N
hsa-mir-4778	0	0.000000	N
hsa-mir-4779	6	0.656054	N
hsa-mir-4780	0	0.000000	N
hsa-mir-4781	28	3.061585	N
hsa-mir-4782	0	0.000000	N
hsa-mir-4783	0	0.000000	N
hsa-mir-4784	0	0.000000	N
hsa-mir-4785	0	0.000000	N
hsa-mir-4786	0	0.000000	N
hsa-mir-4787	0	0.000000	N
hsa-mir-4788	0	0.000000	N
hsa-mir-4789	0	0.000000	N
hsa-mir-4790	0	0.000000	N
hsa-mir-4791	0	0.000000	N
hsa-mir-4792	0	0.000000	N
hsa-mir-4793	0	0.000000	N
hsa-mir-4794	0	0.000000	N
hsa-mir-4795	2	0.218685	N
hsa-mir-4796	19	2.077504	N
hsa-mir-4797	5	0.546712	N
hsa-mir-4798	1	0.109342	N
hsa-mir-4799	0	0.000000	N
hsa-mir-4800	1	0.109342	N
hsa-mir-4801	0	0.000000	N
hsa-mir-4802	8	0.874738	N
hsa-mir-4803	0	0.000000	N
hsa-mir-4804	15	1.640135	N
hsa-mir-483	8	0.874738	N
hsa-mir-484	4127	451.255692	N
hsa-mir-485	320	34.989538	N
hsa-mir-486-1	13303	1454.580683	N
hsa-mir-486-2	13383	1463.328067	N
hsa-mir-487a	48	5.248431	N
hsa-mir-487b	2452	268.107332	N
hsa-mir-488	0	0.000000	N
hsa-mir-489	33	3.608296	N
hsa-mir-490	9	0.984081	N
hsa-mir-491	34	3.717638	N
hsa-mir-492	11	1.202765	N
hsa-mir-493	2643	288.991712	N
hsa-mir-494	282	30.834530	N
hsa-mir-495	603	65.933410	N
hsa-mir-496	22	2.405531	N
hsa-mir-497	932	101.907028	N
hsa-mir-498	0	0.000000	N
hsa-mir-4999	29	3.170927	N
hsa-mir-499a	85	9.294096	N
hsa-mir-499b	0	0.000000	N
hsa-mir-5000	0	0.000000	N
hsa-mir-5001	14	1.530792	N
hsa-mir-5002	3	0.328027	N
hsa-mir-5003	2	0.218685	N
hsa-mir-5004	0	0.000000	N
hsa-mir-5006	0	0.000000	N
hsa-mir-5007	0	0.000000	N
hsa-mir-5008	0	0.000000	N
hsa-mir-5009	0	0.000000	N
hsa-mir-500a	3009	329.010996	Y
hsa-mir-500b	298	32.584007	Y
hsa-mir-501	1726	188.724818	N
hsa-mir-5010	17	1.858819	N
hsa-mir-5011	0	0.000000	N
hsa-mir-502	3160	345.521684	Y
hsa-mir-503	234	25.586099	N
hsa-mir-504	189	20.665696	N
hsa-mir-5047	0	0.000000	N
hsa-mir-505	2900	317.092684	N
hsa-mir-506	125	13.667788	N
hsa-mir-507	0	0.000000	N
hsa-mir-508	395	43.190210	N
hsa-mir-5087	3	0.328027	N
hsa-mir-5088	0	0.000000	N
hsa-mir-5089	0	0.000000	N
hsa-mir-509-1	49	5.357773	N
hsa-mir-509-2	41	4.483035	N
hsa-mir-509-3	70	7.653961	N
hsa-mir-5090	17	1.858819	N
hsa-mir-5091	5	0.546712	N
hsa-mir-5092	0	0.000000	N
hsa-mir-5093	0	0.000000	N
hsa-mir-5094	2	0.218685	N
hsa-mir-5095	0	0.000000	N
hsa-mir-5096	0	0.000000	N
hsa-mir-510	17	1.858819	N
hsa-mir-5100	0	0.000000	N
hsa-mir-511	1036	113.278628	N
hsa-mir-512-1	2	0.218685	N
hsa-mir-512-2	0	0.000000	N
hsa-mir-513a-1	40	4.373692	N
hsa-mir-513a-2	42	4.592377	N
hsa-mir-513b	60	6.560538	N
hsa-mir-513c	85	9.294096	N
hsa-mir-514a-1	16	1.749477	N
hsa-mir-514a-2	17	1.858819	N
hsa-mir-514a-3	17	1.858819	N
hsa-mir-514b	21	2.296188	N
hsa-mir-515-1	0	0.000000	N
hsa-mir-515-2	0	0.000000	N
hsa-mir-516a-1	4	0.437369	N
hsa-mir-516a-2	4	0.437369	N
hsa-mir-516b-1	8	0.874738	N
hsa-mir-516b-2	11	1.202765	N
hsa-mir-517a	5	0.546712	Y
hsa-mir-517b	5	0.546712	Y
hsa-mir-517c	7	0.765396	Y
hsa-mir-5186	0	0.000000	N
hsa-mir-5187	7	0.765396	N
hsa-mir-5188	1	0.109342	N
hsa-mir-5189	8	0.874738	N
hsa-mir-518a-1	0	0.000000	N
hsa-mir-518a-2	0	0.000000	N
hsa-mir-518b	0	0.000000	N
hsa-mir-518c	0	0.000000	N
hsa-mir-518d	0	0.000000	N
hsa-mir-518e	0	0.000000	N
hsa-mir-518f	0	0.000000	N
hsa-mir-5190	0	0.000000	N
hsa-mir-5191	0	0.000000	N
hsa-mir-5192	0	0.000000	N
hsa-mir-5193	7	0.765396	N
hsa-mir-5194	0	0.000000	N
hsa-mir-5195	0	0.000000	N
hsa-mir-5196	0	0.000000	N
hsa-mir-5197	0	0.000000	N
hsa-mir-519a-1	13	1.421450	N
hsa-mir-519a-2	4	0.437369	N
hsa-mir-519b	0	0.000000	N
hsa-mir-519c	0	0.000000	N
hsa-mir-519d	0	0.000000	N
hsa-mir-519e	0	0.000000	N
hsa-mir-520a	0	0.000000	N
hsa-mir-520b	0	0.000000	N
hsa-mir-520c	0	0.000000	N
hsa-mir-520d	0	0.000000	N
hsa-mir-520e	0	0.000000	N
hsa-mir-520f	0	0.000000	N
hsa-mir-520g	0	0.000000	N
hsa-mir-520h	0	0.000000	N
hsa-mir-521-1	0	0.000000	N
hsa-mir-521-2	0	0.000000	N
hsa-mir-522	78	8.528700	N
hsa-mir-523	3	0.328027	N
hsa-mir-524	0	0.000000	N
hsa-mir-525	0	0.000000	N
hsa-mir-526a-1	0	0.000000	N
hsa-mir-526a-2	0	0.000000	N
hsa-mir-526b	0	0.000000	N
hsa-mir-527	0	0.000000	N
hsa-mir-532	6218	679.890452	N
hsa-mir-539	27	2.952242	N
hsa-mir-541	9	0.984081	N
hsa-mir-542	74	8.091331	N
hsa-mir-543	595	65.058671	N
hsa-mir-544a	0	0.000000	N
hsa-mir-544b	0	0.000000	N
hsa-mir-545	0	0.000000	N
hsa-mir-548a-1	0	0.000000	N
hsa-mir-548a-2	0	0.000000	N
hsa-mir-548a-3	0	0.000000	N
hsa-mir-548aa-1	0	0.000000	N
hsa-mir-548aa-2	0	0.000000	N
hsa-mir-548ab	0	0.000000	N
hsa-mir-548ac	0	0.000000	N
hsa-mir-548ad	1	0.109342	N
hsa-mir-548ae-1	0	0.000000	N
hsa-mir-548ae-2	0	0.000000	N
hsa-mir-548ag-1	0	0.000000	N
hsa-mir-548ag-2	0	0.000000	N
hsa-mir-548ah	0	0.000000	N
hsa-mir-548ai	0	0.000000	N
hsa-mir-548aj-1	0	0.000000	N
hsa-mir-548aj-2	0	0.000000	N
hsa-mir-548ak	0	0.000000	N
hsa-mir-548al	6	0.656054	N
hsa-mir-548am	0	0.000000	N
hsa-mir-548an	0	0.000000	N
hsa-mir-548ao	0	0.000000	N
hsa-mir-548ap	0	0.000000	N
hsa-mir-548aq	0	0.000000	N
hsa-mir-548ar	4	0.437369	N
hsa-mir-548as	0	0.000000	N
hsa-mir-548at	14	1.530792	N
hsa-mir-548au	0	0.000000	N
hsa-mir-548av	0	0.000000	N
hsa-mir-548aw	30	3.280269	N
hsa-mir-548ax	4	0.437369	N
hsa-mir-548ay	2	0.218685	N
hsa-mir-548az	0	0.000000	N
hsa-mir-548b	10	1.093423	N
hsa-mir-548ba	0	0.000000	N
hsa-mir-548bb	0	0.000000	N
hsa-mir-548c	0	0.000000	N
hsa-mir-548d-1	0	0.000000	N
hsa-mir-548d-2	0	0.000000	N
hsa-mir-548e	83	9.075411	N
hsa-mir-548f-1	0	0.000000	N
hsa-mir-548f-2	0	0.000000	N
hsa-mir-548f-3	0	0.000000	N
hsa-mir-548f-4	0	0.000000	N
hsa-mir-548f-5	0	0.000000	N
hsa-mir-548g	0	0.000000	N
hsa-mir-548h-1	0	0.000000	N
hsa-mir-548h-2	0	0.000000	N
hsa-mir-548h-3	0	0.000000	N
hsa-mir-548h-4	0	0.000000	N
hsa-mir-548h-5	0	0.000000	N
hsa-mir-548i-1	0	0.000000	N
hsa-mir-548i-2	0	0.000000	N
hsa-mir-548i-3	0	0.000000	N
hsa-mir-548i-4	0	0.000000	N
hsa-mir-548j	18	1.968161	N
hsa-mir-548k	97	10.606204	N
hsa-mir-548l	4	0.437369	N
hsa-mir-548m	0	0.000000	N
hsa-mir-548n	3	0.328027	N
hsa-mir-548o	2	0.218685	N
hsa-mir-548o-2	0	0.000000	N
hsa-mir-548p	0	0.000000	N
hsa-mir-548q	6	0.656054	N
hsa-mir-548s	12	1.312108	N
hsa-mir-548t	0	0.000000	N
hsa-mir-548u	0	0.000000	N
hsa-mir-548v	9	0.984081	N
hsa-mir-548w	0	0.000000	N
hsa-mir-548x	0	0.000000	N
hsa-mir-548x-2	0	0.000000	N
hsa-mir-548y	0	0.000000	N
hsa-mir-548z	0	0.000000	N
hsa-mir-549a	14	1.530792	N
hsa-mir-550a-1	17	1.858819	N
hsa-mir-550a-2	14	1.530792	N
hsa-mir-550a-3	15	1.640135	N
hsa-mir-550b-1	0	0.000000	N
hsa-mir-550b-2	0	0.000000	N
hsa-mir-551a	4	0.437369	N
hsa-mir-551b	31	3.389611	N
hsa-mir-552	63	6.888565	N
hsa-mir-553	0	0.000000	N
hsa-mir-554	0	0.000000	N
hsa-mir-555	0	0.000000	N
hsa-mir-556	0	0.000000	N
hsa-mir-557	0	0.000000	N
hsa-mir-5571	0	0.000000	N
hsa-mir-5572	0	0.000000	N
hsa-mir-5579	1	0.109342	N
hsa-mir-558	0	0.000000	N
hsa-mir-5580	0	0.000000	N
hsa-mir-5581	5	0.546712	N
hsa-mir-5582	1	0.109342	N
hsa-mir-5583-1	0	0.000000	N
hsa-mir-5583-2	0	0.000000	N
hsa-mir-5584	0	0.000000	N
hsa-mir-5585	0	0.000000	N
hsa-mir-5586	9	0.984081	N
hsa-mir-5587	0	0.000000	N
hsa-mir-5588	13	1.421450	N
hsa-mir-5589	0	0.000000	N
hsa-mir-559	4	0.437369	N
hsa-mir-5590	0	0.000000	N
hsa-mir-5591	0	0.000000	N
hsa-mir-561	5	0.546712	N
hsa-mir-562	0	0.000000	N
hsa-mir-563	0	0.000000	N
hsa-mir-564	2	0.218685	N
hsa-mir-566	0	0.000000	N
hsa-mir-567	0	0.000000	N
hsa-mir-568	0	0.000000	N
hsa-mir-5680	4	0.437369	N
hsa-mir-5681a	0	0.000000	N
hsa-mir-5681b	0	0.000000	N
hsa-mir-5682	1	0.109342	N
hsa-mir-5683	1	0.109342	N
hsa-mir-5684	0	0.000000	N
hsa-mir-5685	0	0.000000	N
hsa-mir-5687	0	0.000000	N
hsa-mir-5688	0	0.000000	N
hsa-mir-5689	0	0.000000	N
hsa-mir-569	0	0.000000	N
hsa-mir-5690	3	0.328027	N
hsa-mir-5691	0	0.000000	N
hsa-mir-5692a-1	0	0.000000	N
hsa-mir-5692a-2	0	0.000000	N
hsa-mir-5692b	0	0.000000	N
hsa-mir-5692c-1	0	0.000000	N
hsa-mir-5692c-2	0	0.000000	N
hsa-mir-5693	0	0.000000	N
hsa-mir-5694	0	0.000000	N
hsa-mir-5695	5	0.546712	N
hsa-mir-5696	12	1.312108	N
hsa-mir-5697	2	0.218685	N
hsa-mir-5698	0	0.000000	N
hsa-mir-5699	9	0.984081	N
hsa-mir-570	0	0.000000	N
hsa-mir-5700	0	0.000000	N
hsa-mir-5701-1	0	0.000000	N
hsa-mir-5701-2	0	0.000000	N
hsa-mir-5701-3	0	0.000000	N
hsa-mir-5702	0	0.000000	N
hsa-mir-5703	0	0.000000	N
hsa-mir-5704	0	0.000000	N
hsa-mir-5705	0	0.000000	N
hsa-mir-5706	0	0.000000	N
hsa-mir-5707	0	0.000000	N
hsa-mir-5708	0	0.000000	N
hsa-mir-571	0	0.000000	N
hsa-mir-572	0	0.000000	N
hsa-mir-573	0	0.000000	N
hsa-mir-5739	0	0.000000	N
hsa-mir-574	9557	1044.984408	N
hsa-mir-575	0	0.000000	N
hsa-mir-576	197	21.540434	N
hsa-mir-577	0	0.000000	N
hsa-mir-578	0	0.000000	N
hsa-mir-5787	0	0.000000	N
hsa-mir-579	8	0.874738	N
hsa-mir-580	0	0.000000	N
hsa-mir-581	0	0.000000	N
hsa-mir-582	379	41.440734	N
hsa-mir-583	0	0.000000	N
hsa-mir-584	355	38.816518	N
hsa-mir-585	19	2.077504	N
hsa-mir-586	0	0.000000	N
hsa-mir-587	0	0.000000	N
hsa-mir-588	0	0.000000	N
hsa-mir-589	318	34.770853	N
hsa-mir-590	171	18.697534	N
hsa-mir-591	0	0.000000	N
hsa-mir-592	10	1.093423	N
hsa-mir-593	0	0.000000	N
hsa-mir-595	0	0.000000	N
hsa-mir-596	0	0.000000	N
hsa-mir-597	5	0.546712	N
hsa-mir-598	451	49.313380	N
hsa-mir-599	4	0.437369	N
hsa-mir-600	10	1.093423	N
hsa-mir-601	0	0.000000	N
hsa-mir-602	0	0.000000	N
hsa-mir-603	0	0.000000	N
hsa-mir-604	0	0.000000	N
hsa-mir-605	10	1.093423	N
hsa-mir-606	0	0.000000	N
hsa-mir-6068	0	0.000000	N
hsa-mir-6069	0	0.000000	N
hsa-mir-607	0	0.000000	N
hsa-mir-6070	0	0.000000	N
hsa-mir-6071	0	0.000000	N
hsa-mir-6072	0	0.000000	N
hsa-mir-6073	0	0.000000	N
hsa-mir-6074	0	0.000000	N
hsa-mir-6075	0	0.000000	N
hsa-mir-6076	0	0.000000	N
hsa-mir-6077	0	0.000000	N
hsa-mir-6078	0	0.000000	N
hsa-mir-6079	0	0.000000	N
hsa-mir-608	0	0.000000	N
hsa-mir-6080	0	0.000000	N
hsa-mir-6081	0	0.000000	N
hsa-mir-6082	0	0.000000	N
hsa-mir-6083	0	0.000000	N
hsa-mir-6084	0	0.000000	N
hsa-mir-6085	0	0.000000	N
hsa-mir-6086	0	0.000000	N
hsa-mir-6087	17	1.858819	N
hsa-mir-6088	0	0.000000	N
hsa-mir-6089-1	0	0.000000	N
hsa-mir-6089-2	0	0.000000	N
hsa-mir-609	0	0.000000	N
hsa-mir-6090	0	0.000000	N
hsa-mir-610	0	0.000000	N
hsa-mir-611	0	0.000000	N
hsa-mir-612	0	0.000000	N
hsa-mir-6124	0	0.000000	N
hsa-mir-6125	1	0.109342	N
hsa-mir-6126	0	0.000000	N
hsa-mir-6127	0	0.000000	N
hsa-mir-6128	0	0.000000	N
hsa-mir-6129	0	0.000000	N
hsa-mir-613	0	0.000000	N
hsa-mir-6130	0	0.000000	N
hsa-mir-6131	0	0.000000	N
hsa-mir-6132	0	0.000000	N
hsa-mir-6133	0	0.000000	N
hsa-mir-6134	0	0.000000	N
hsa-mir-614	0	0.000000	N
hsa-mir-615	102	11.152915	N
hsa-mir-616	37	4.045665	N
hsa-mir-6165	0	0.000000	N
hsa-mir-617	0	0.000000	N
hsa-mir-618	60	6.560538	N
hsa-mir-619	0	0.000000	N
hsa-mir-620	0	0.000000	N
hsa-mir-621	0	0.000000	N
hsa-mir-622	0	0.000000	N
hsa-mir-623	0	0.000000	N
hsa-mir-624	24	2.624215	N
hsa-mir-625	61	6.669881	N
hsa-mir-626	0	0.000000	N
hsa-mir-627	17	1.858819	N
hsa-mir-628	492	53.796414	N
hsa-mir-629	1136	124.212858	N
hsa-mir-630	0	0.000000	N
hsa-mir-631	0	0.000000	N
hsa-mir-632	1	0.109342	N
hsa-mir-633	0	0.000000	N
hsa-mir-634	0	0.000000	N
hsa-mir-635	0	0.000000	N
hsa-mir-636	2	0.218685	N
hsa-mir-637	0	0.000000	N
hsa-mir-638	0	0.000000	N
hsa-mir-639	3	0.328027	N
hsa-mir-640	0	0.000000	N
hsa-mir-641	40	4.373692	N
hsa-mir-642a	41	4.483035	Y
hsa-mir-642b	5	0.546712	Y
hsa-mir-643	9	0.984081	N
hsa-mir-644a	0	0.000000	N
hsa-mir-645	0	0.000000	N
hsa-mir-646	0	0.000000	N
hsa-mir-647	0	0.000000	N
hsa-mir-648	0	0.000000	N
hsa-mir-649	0	0.000000	N
hsa-mir-6499	0	0.000000	N
hsa-mir-650	0	0.000000	N
hsa-mir-6500	0	0.000000	N
hsa-mir-6501	41	4.483035	N
hsa-mir-6502	39	4.264350	N
hsa-mir-6503	7	0.765396	N
hsa-mir-6504	4	0.437369	N
hsa-mir-6505	9	0.984081	N
hsa-mir-6506	0	0.000000	N
hsa-mir-6507	43	4.701719	N
hsa-mir-6508	10	1.093423	N
hsa-mir-6509	4	0.437369	N
hsa-mir-651	28	3.061585	N
hsa-mir-6510	0	0.000000	N
hsa-mir-6511a-1	0	0.000000	N
hsa-mir-6511a-2	0	0.000000	N
hsa-mir-6511a-3	0	0.000000	N
hsa-mir-6511a-4	0	0.000000	N
hsa-mir-6511b-1	20	2.186846	N
hsa-mir-6511b-2	16	1.749477	N
hsa-mir-6512	0	0.000000	N
hsa-mir-6513	34	3.717638	N
hsa-mir-6514	32	3.498954	N
hsa-mir-6515	4	0.437369	N
hsa-mir-6516	23	2.514873	N
hsa-mir-652	2887	315.671234	N
hsa-mir-653	80	8.747384	N
hsa-mir-654	372	40.675337	N
hsa-mir-655	76	8.310015	N
hsa-mir-656	62	6.779223	N
hsa-mir-657	0	0.000000	N
hsa-mir-658	0	0.000000	N
hsa-mir-659	0	0.000000	N
hsa-mir-660	8491	928.425511	N
hsa-mir-661	0	0.000000	N
hsa-mir-662	1	0.109342	N
hsa-mir-663a	0	0.000000	N
hsa-mir-663b	0	0.000000	N
hsa-mir-664a	1046	114.372051	N
hsa-mir-664b	94	10.278177	N
hsa-mir-665	1	0.109342	N
hsa-mir-668	13	1.421450	N
hsa-mir-670	0	0.000000	N
hsa-mir-671	188	20.556353	N
hsa-mir-6715a	0	0.000000	N
hsa-mir-6715b	0	0.000000	N
hsa-mir-6716	22	2.405531	N
hsa-mir-6717	0	0.000000	N
hsa-mir-6718	11	1.202765	N
hsa-mir-6719	0	0.000000	N
hsa-mir-6720	12	1.312108	N
hsa-mir-6721	1	0.109342	N
hsa-mir-6722	0	0.000000	N
hsa-mir-6723	0	0.000000	N
hsa-mir-6724-1	0	0.000000	N
hsa-mir-6724-2	0	0.000000	N
hsa-mir-6724-3	0	0.000000	N
hsa-mir-6724-4	0	0.000000	N
hsa-mir-6726	4	0.437369	N
hsa-mir-6727	0	0.000000	N
hsa-mir-6728	0	0.000000	N
hsa-mir-6729	0	0.000000	N
hsa-mir-6730	3	0.328027	N
hsa-mir-6731	3	0.328027	N
hsa-mir-6732	0	0.000000	N
hsa-mir-6733	10	1.093423	N
hsa-mir-6734	3	0.328027	N
hsa-mir-6735	19	2.077504	N
hsa-mir-6736	0	0.000000	N
hsa-mir-6737	0	0.000000	N
hsa-mir-6738	0	0.000000	N
hsa-mir-6739	5	0.546712	N
hsa-mir-6740	0	0.000000	N
hsa-mir-6741	8	0.874738	N
hsa-mir-6742	0	0.000000	N
hsa-mir-6743	0	0.000000	N
hsa-mir-6744	0	0.000000	N
hsa-mir-6745	0	0.000000	N
hsa-mir-6746	0	0.000000	N
hsa-mir-6747	6	0.656054	N
hsa-mir-6748	1	0.109342	N
hsa-mir-6749	0	0.000000	N
hsa-mir-675	19	2.077504	N
hsa-mir-6750	0	0.000000	N
hsa-mir-6751	0	0.000000	N
hsa-mir-6752	0	0.000000	N
hsa-mir-6753	2	0.218685	N
hsa-mir-6754	1	0.109342	N
hsa-mir-6755	6	0.656054	N
hsa-mir-6756	0	0.000000	N
hsa-mir-6757	12	1.312108	N
hsa-mir-6758	0	0.000000	N
hsa-mir-6759	0	0.000000	N
hsa-mir-676	16	1.749477	N
hsa-mir-6760	0	0.000000	N
hsa-mir-6761	4	0.437369	N
hsa-mir-6762	0	0.000000	N
hsa-mir-6763	0	0.000000	N
hsa-mir-6764	0	0.000000	N
hsa-mir-6765	0	0.000000	N
hsa-mir-6766	1	0.109342	N
hsa-mir-6767	0	0.000000	N
hsa-mir-6768	0	0.000000	N
hsa-mir-6769a	0	0.000000	N
hsa-mir-6769b	2	0.218685	N
hsa-mir-6770-1	0	0.000000	N
hsa-mir-6770-2	0	0.000000	N
hsa-mir-6770-3	0	0.000000	N
hsa-mir-6771	0	0.000000	N
hsa-mir-6772	4	0.437369	N
hsa-mir-6773	0	0.000000	N
hsa-mir-6774	3	0.328027	N
hsa-mir-6775	0	0.000000	N
hsa-mir-6776	0	0.000000	N
hsa-mir-6777	0	0.000000	N
hsa-mir-6778	0	0.000000	N
hsa-mir-6779	0	0.000000	N
hsa-mir-6780a	1	0.109342	N
hsa-mir-6780b	0	0.000000	N
hsa-mir-6781	0	0.000000	N
hsa-mir-6782	5	0.546712	N
hsa-mir-6783	0	0.000000	N
hsa-mir-6784	2	0.218685	N
hsa-mir-6785	2	0.218685	N
hsa-mir-6786	11	1.202765	N
hsa-mir-6787	0	0.000000	N
hsa-mir-6788	4	0.437369	N
hsa-mir-6789	0	0.000000	N
hsa-mir-6790	1	0.109342	N
hsa-mir-6791	5	0.546712	N
hsa-mir-6792	0	0.000000	N
hsa-mir-6793	1	0.109342	N
hsa-mir-6794	0	0.000000	N
hsa-mir-6795	0	0.000000	N
hsa-mir-6796	0	0.000000	N
hsa-mir-6797	0	0.000000	N
hsa-mir-6798	1	0.109342	N
hsa-mir-6799	0	0.000000	N
hsa-mir-6800	0	0.000000	N
hsa-mir-6801	0	0.000000	N
hsa-mir-6802	5	0.546712	N
hsa-mir-6803	53	5.795142	N
hsa-mir-6804	3	0.328027	N
hsa-mir-6805	0	0.000000	N
hsa-mir-6806	0	0.000000	N
hsa-mir-6807	0	0.000000	N
hsa-mir-6808	2	0.218685	N
hsa-mir-6809	6	0.656054	N
hsa-mir-6810	0	0.000000	N
hsa-mir-6811	12	1.312108	N
hsa-mir-6812	0	0.000000	N
hsa-mir-6813	3	0.328027	N
hsa-mir-6814	1	0.109342	N
hsa-mir-6815	4	0.437369	N
hsa-mir-6816	0	0.000000	N
hsa-mir-6817	0	0.000000	N
hsa-mir-6818	6	0.656054	N
hsa-mir-6819	0	0.000000	N
hsa-mir-6820	2	0.218685	N
hsa-mir-6821	0	0.000000	N
hsa-mir-6822	0	0.000000	N
hsa-mir-6823	0	0.000000	N
hsa-mir-6824	0	0.000000	N
hsa-mir-6825	3	0.328027	N
hsa-mir-6826	2	0.218685	N
hsa-mir-6827	8	0.874738	N
hsa-mir-6828	0	0.000000	N
hsa-mir-6829	0	0.000000	N
hsa-mir-6830	0	0.000000	N
hsa-mir-6831	0	0.000000	N
hsa-mir-6832	2	0.218685	N
hsa-mir-6833	1	0.109342	N
hsa-mir-6834	0	0.000000	N
hsa-mir-6835	0	0.000000	N
hsa-mir-6836	0	0.000000	N
hsa-mir-6837	7	0.765396	N
hsa-mir-6838	7	0.765396	N
hsa-mir-6839	0	0.000000	N
hsa-mir-6840	0	0.000000	N
hsa-mir-6841	0	0.000000	N
hsa-mir-6842	30	3.280269	N
hsa-mir-6843	0	0.000000	N
hsa-mir-6844	0	0.000000	N
hsa-mir-6845	0	0.000000	N
hsa-mir-6846	0	0.000000	N
hsa-mir-6847	6	0.656054	N
hsa-mir-6848	2	0.218685	N
hsa-mir-6849	0	0.000000	N
hsa-mir-6850	0	0.000000	N
hsa-mir-6851	0	0.000000	N
hsa-mir-6852	2	0.218685	N
hsa-mir-6853	0	0.000000	N
hsa-mir-6854	5	0.546712	N
hsa-mir-6855	0	0.000000	N
hsa-mir-6856	0	0.000000	N
hsa-mir-6857	0	0.000000	N
hsa-mir-6858	0	0.000000	N
hsa-mir-6859-1	0	0.000000	N
hsa-mir-6859-2	0	0.000000	N
hsa-mir-6859-3	0	0.000000	N
hsa-mir-6859-4	0	0.000000	N
hsa-mir-6860	0	0.000000	N
hsa-mir-6861	0	0.000000	N
hsa-mir-6862-1	0	0.000000	N
hsa-mir-6862-2	0	0.000000	N
hsa-mir-6863	0	0.000000	N
hsa-mir-6864	0	0.000000	N
hsa-mir-6865	0	0.000000	N
hsa-mir-6866	3	0.328027	N
hsa-mir-6867	0	0.000000	N
hsa-mir-6868	0	0.000000	N
hsa-mir-6869	0	0.000000	N
hsa-mir-6870	0	0.000000	N
hsa-mir-6871	0	0.000000	N
hsa-mir-6872	1	0.109342	N
hsa-mir-6873	0	0.000000	N
hsa-mir-6874	0	0.000000	N
hsa-mir-6875	1	0.109342	N
hsa-mir-6876	0	0.000000	N
hsa-mir-6877	2	0.218685	N
hsa-mir-6878	0	0.000000	N
hsa-mir-6879	0	0.000000	N
hsa-mir-6880	0	0.000000	N
hsa-mir-6881	3	0.328027	N
hsa-mir-6882	4	0.437369	N
hsa-mir-6883	2	0.218685	N
hsa-mir-6884	0	0.000000	N
hsa-mir-6885	5	0.546712	N
hsa-mir-6886	2	0.218685	N
hsa-mir-6887	16	1.749477	N
hsa-mir-6888	0	0.000000	N
hsa-mir-6889	0	0.000000	N
hsa-mir-6890	0	0.000000	N
hsa-mir-6891	1	0.109342	N
hsa-mir-6892	1	0.109342	N
hsa-mir-6893	0	0.000000	N
hsa-mir-6894	0	0.000000	N
hsa-mir-6895	3	0.328027	N
hsa-mir-7-1	447	48.876010	N
hsa-mir-7-2	328	35.864276	N
hsa-mir-7-3	311	34.005457	N
hsa-mir-708	239	26.132811	N
hsa-mir-7106	0	0.000000	N
hsa-mir-7107	0	0.000000	N
hsa-mir-7108	0	0.000000	N
hsa-mir-7109	1	0.109342	N
hsa-mir-711	0	0.000000	N
hsa-mir-7110	1	0.109342	N
hsa-mir-7111	0	0.000000	N
hsa-mir-7112	0	0.000000	N
hsa-mir-7113	2	0.218685	N
hsa-mir-7114	0	0.000000	N
hsa-mir-7150	0	0.000000	N
hsa-mir-7151	1	0.109342	N
hsa-mir-7152	0	0.000000	N
hsa-mir-7153	0	0.000000	N
hsa-mir-7154	0	0.000000	N
hsa-mir-7155	6	0.656054	N
hsa-mir-7156	9	0.984081	N
hsa-mir-7157	0	0.000000	N
hsa-mir-7158	0	0.000000	N
hsa-mir-7159	0	0.000000	N
hsa-mir-7160	0	0.000000	N
hsa-mir-7161	0	0.000000	N
hsa-mir-7162	0	0.000000	N
hsa-mir-718	0	0.000000	N
hsa-mir-744	1623	177.462561	N
hsa-mir-7515	0	0.000000	N
hsa-mir-758	21	2.296188	N
hsa-mir-759	0	0.000000	N
hsa-mir-760	9	0.984081	N
hsa-mir-761	0	0.000000	N
hsa-mir-762	0	0.000000	N
hsa-mir-764	0	0.000000	N
hsa-mir-7641-1	0	0.000000	N
hsa-mir-7641-2	0	0.000000	N
hsa-mir-765	0	0.000000	N
hsa-mir-766	75	8.200673	N
hsa-mir-767	5	0.546712	N
hsa-mir-769	579	63.309195	N
hsa-mir-770	0	0.000000	N
hsa-mir-7702	1	0.109342	N
hsa-mir-7703	2	0.218685	N
hsa-mir-7704	0	0.000000	N
hsa-mir-7705	26	2.842900	N
hsa-mir-7706	83	9.075411	N
hsa-mir-7843	0	0.000000	N
hsa-mir-7844	0	0.000000	N
hsa-mir-7845	0	0.000000	N
hsa-mir-7846	8	0.874738	N
hsa-mir-7847	0	0.000000	N
hsa-mir-7848	0	0.000000	N
hsa-mir-7849	0	0.000000	N
hsa-mir-7850	0	0.000000	N
hsa-mir-7851	0	0.000000	N
hsa-mir-7852	0	0.000000	N
hsa-mir-7853	0	0.000000	N
hsa-mir-7854	0	0.000000	N
hsa-mir-7855	0	0.000000	N
hsa-mir-7856	0	0.000000	N
hsa-mir-7973-1	0	0.000000	N
hsa-mir-7973-2	0	0.000000	N
hsa-mir-7974	3	0.328027	N
hsa-mir-7975	0	0.000000	N
hsa-mir-7976	3	0.328027	N
hsa-mir-7977	1	0.109342	N
hsa-mir-7978	0	0.000000	N
hsa-mir-802	0	0.000000	N
hsa-mir-8052	0	0.000000	N
hsa-mir-8053	0	0.000000	N
hsa-mir-8054	0	0.000000	N
hsa-mir-8055	0	0.000000	N
hsa-mir-8056	0	0.000000	N
hsa-mir-8057	0	0.000000	N
hsa-mir-8058	0	0.000000	N
hsa-mir-8059	0	0.000000	N
hsa-mir-8060	0	0.000000	N
hsa-mir-8061	0	0.000000	N
hsa-mir-8062	0	0.000000	N
hsa-mir-8063	0	0.000000	N
hsa-mir-8064	0	0.000000	N
hsa-mir-8065	0	0.000000	N
hsa-mir-8066	0	0.000000	N
hsa-mir-8067	0	0.000000	N
hsa-mir-8068	0	0.000000	N
hsa-mir-8069-1	0	0.000000	N
hsa-mir-8069-2	0	0.000000	N
hsa-mir-8070	0	0.000000	N
hsa-mir-8071-1	0	0.000000	N
hsa-mir-8071-2	0	0.000000	N
hsa-mir-8072	0	0.000000	N
hsa-mir-8073	0	0.000000	N
hsa-mir-8074	0	0.000000	N
hsa-mir-8075	0	0.000000	N
hsa-mir-8076	0	0.000000	N
hsa-mir-8077	0	0.000000	N
hsa-mir-8078	0	0.000000	N
hsa-mir-8079	0	0.000000	N
hsa-mir-8080	0	0.000000	N
hsa-mir-8081	0	0.000000	N
hsa-mir-8082	0	0.000000	N
hsa-mir-8083	0	0.000000	N
hsa-mir-8084	0	0.000000	N
hsa-mir-8085	2	0.218685	N
hsa-mir-8086	0	0.000000	N
hsa-mir-8087	0	0.000000	N
hsa-mir-8088	0	0.000000	N
hsa-mir-8089	0	0.000000	N
hsa-mir-8485	0	0.000000	N
hsa-mir-873	5	0.546712	N
hsa-mir-874	531	58.060764	N
hsa-mir-875	0	0.000000	N
hsa-mir-876	0	0.000000	N
hsa-mir-877	60	6.560538	N
hsa-mir-885	69	7.544619	N
hsa-mir-887	61	6.669881	N
hsa-mir-888	4	0.437369	N
hsa-mir-889	10	1.093423	N
hsa-mir-890	0	0.000000	N
hsa-mir-891a	0	0.000000	N
hsa-mir-891b	0	0.000000	N
hsa-mir-892a	0	0.000000	N
hsa-mir-892b	0	0.000000	N
hsa-mir-892c	0	0.000000	N
hsa-mir-9-1	74	8.091331	N
hsa-mir-9-2	74	8.091331	N
hsa-mir-9-3	44	4.811061	N
hsa-mir-920	0	0.000000	N
hsa-mir-921	0	0.000000	N
hsa-mir-922	0	0.000000	N
hsa-mir-924	0	0.000000	N
hsa-mir-92a-1	66012	7217.904234	N
hsa-mir-92a-2	54025	5907.218025	N
hsa-mir-92b	4323	472.686784	N
hsa-mir-93	21302	2329.209780	N
hsa-mir-933	2	0.218685	N
hsa-mir-934	7	0.765396	N
hsa-mir-935	8	0.874738	N
hsa-mir-936	0	0.000000	N
hsa-mir-937	6	0.656054	N
hsa-mir-938	0	0.000000	N
hsa-mir-939	0	0.000000	N
hsa-mir-940	25	2.733558	N
hsa-mir-941-1	0	0.000000	N
hsa-mir-941-2	0	0.000000	N
hsa-mir-941-3	0	0.000000	N
hsa-mir-941-4	0	0.000000	N
hsa-mir-941-5	0	0.000000	N
hsa-mir-942	185	20.228326	N
hsa-mir-943	0	0.000000	N
hsa-mir-944	17	1.858819	N
hsa-mir-95	2003	219.012637	N
hsa-mir-9500	0	0.000000	N
hsa-mir-96	406	44.392976	N
hsa-mir-98	22190	2426.305747	N
hsa-mir-99a	20203	2209.042587	Y
hsa-mir-99b	38077	4163.426945	N
